---
1C567E244FB970E6835C69E053AF4A56:
  login_at: 2018-06-02 20:49:27.664278648 -07:00
  num_logins: 7
  consented_at: 2018-05-28 09:42:55.821004326 -07:00
A560B2E86C7C1E72C26878911F35D26785D844C332E991D2:
  login_at: 2018-06-01 11:57:14.090644410 -07:00
  num_logins: 3
  consented_at: 2018-05-31 07:54:17.010729918 -07:00
24FC49975FAD457C8C0BA04EB457B76867475A7AF57390AA:
  login_at: 2018-06-01 21:46:13.346908078 -07:00
  num_logins: 1
  consented_at: 2018-06-01 21:46:16.045712358 -07:00
C26D3CCDB29755C4366D333DB15941A8D901EF0A6F8DC878:
  login_at: 2018-06-02 12:37:14.631238768 -07:00
  num_logins: 42
  consented_at: 2018-06-02 05:21:29.164125835 -07:00
