---
1C567E244FB970E6835C69E053AF4A56:
  login_at: 2018-06-01 09:10:57.557123981 -07:00
  num_logins: 5
  consented_at: 2018-05-28 09:42:55.821004326 -07:00
A560B2E86C7C1E72C26878911F35D26785D844C332E991D2:
  login_at: 2018-05-31 07:54:10.398029134 -07:00
  num_logins: 1
  consented_at: 2018-05-31 07:54:17.010729918 -07:00
