---
1C567E244FB970E6835C69E053AF4A56:
  login_at: 2018-05-28 09:57:16.770342774 -07:00
  num_logins: 3
  consented_at: 2018-05-28 09:42:55.821004326 -07:00
