---
24FC49975FAD457C8C0BA04EB457B76867475A7AF57390AA:
  login_at: 2018-06-11 12:11:15.641268874 -04:00
  num_logins: 1
  consented_at: 2018-06-11 12:11:24.388466362 -04:00
C26D3CCDB29755C4366D333DB15941A8D901EF0A6F8DC878:
  login_at: 2018-06-11 20:00:52.539881044 -04:00
  num_logins: 1
  consented_at: 2018-06-11 20:00:58.383356934 -04:00
F6BEA0C1590C2C97356BE368543746281A4D4E7FAA9EBB7A8D52A57528832D78:
  login_at: 2018-06-11 20:22:16.015863842 -04:00
  num_logins: 2
  consented_at: 2018-06-11 20:05:49.094721863 -04:00
