---
1C567E244FB970E6835C69E053AF4A56:
  login_at: 2018-05-22 21:35:35.372319686 -07:00
  num_logins: 73
  consented_at: 2018-05-20 09:23:46.763759580 -07:00
